-0.598082 0.615407 -0.614217 -0.597833 0.615390 -0.614225
-0.592057 0.660407 -0.524217 -0.592007 0.660404 -0.524219
-0.586183 0.690407 -0.404217 -0.586183 0.690407 -0.404217
-0.581551 0.735407 -0.359217 -0.581501 0.735404 -0.359219
-0.575688 0.810407 -0.344217 -0.575439 0.810390 -0.344225
-0.568746 0.900407 -0.329217 -0.568646 0.900400 -0.329220
-0.607144 0.545407 -0.744217 -0.607095 0.545404 -0.744219
-0.593248 0.680407 -0.609217 -0.593199 0.680404 -0.609219
-0.587072 0.740407 -0.549217 -0.586973 0.740400 -0.549220
-0.580583 0.785407 -0.444217 -0.580434 0.785397 -0.444222
-0.580583 0.785407 -0.444217 -0.580135 0.785375 -0.444231
-0.575487 0.830407 -0.384217 -0.575038 0.830375 -0.384231
-0.602389 0.510407 -0.509217 -0.602090 0.510386 -0.509227
-0.591895 0.630407 -0.449217 -0.591745 0.630397 -0.449222
-0.580622 0.735407 -0.329217 -0.580224 0.735379 -0.329230
-0.567806 0.855407 -0.194217 -0.567806 0.855407 -0.194217
-0.554839 0.990407 -0.089217 -0.554789 0.990404 -0.089219
-0.551589 0.990407 0.015783 -0.551339 0.990390 0.015775
-0.568587 0.885407 -0.289217 -0.568189 0.885379 -0.289230
-0.558557 1.005407 -0.244217 -0.558108 1.005375 -0.244231
-0.553298 1.020407 -0.109217 -0.552850 1.020375 -0.109231
-0.543570 1.110407 -0.004217 -0.543470 1.110400 -0.004220
-0.538172 1.185407 -0.004217 -0.537873 1.185386 -0.004227
-0.525355 1.305407 0.130783 -0.525156 1.305393 0.130777
-0.530649 1.225407 0.145783 -0.530251 1.225379 0.145770
-0.521699 1.330407 0.190783 -0.521250 1.330375 0.190769
-0.520770 1.330407 0.220783 -0.520521 1.330390 0.220775
-0.513050 1.405407 0.295783 -0.512601 1.405375 0.295769
-0.508418 1.450407 0.340783 -0.508219 1.450393 0.340777
-0.504866 1.480407 0.385783 -0.504716 1.480397 0.385778
-0.539071 1.065407 0.245783 -0.538821 1.065390 0.245775
-0.530120 1.170407 0.290783 -0.530020 1.170400 0.290780
-0.519625 1.290407 0.350783 -0.519226 1.290379 0.350770
-0.514378 1.350407 0.380783 -0.514178 1.350393 0.380777
-0.507424 1.395407 0.500783 -0.507075 1.395382 0.500772
-0.502943 1.425407 0.575783 -0.502893 1.425404 0.575781