-0.559268 0.323478 -0.180140 -0.559089 0.323465 -0.180145
-0.549076 0.413478 -0.060140 -0.549016 0.413473 -0.060141
-0.537803 0.518478 0.059860 -0.537664 0.518468 0.059856
-0.529306 0.578478 0.194860 -0.529306 0.578478 0.194860
-0.525440 0.593478 0.284860 -0.525261 0.593465 0.284855
-0.520959 0.623478 0.359860 -0.520920 0.623475 0.359859
-0.526815 0.518478 0.414860 -0.526635 0.518465 0.414855
-0.523100 0.518478 0.534860 -0.523080 0.518476 0.534860
-0.521092 0.533478 0.564860 -0.521092 0.533478 0.564860
-0.515845 0.593478 0.594860 -0.515685 0.593466 0.594856
-0.506116 0.683478 0.699860 -0.505957 0.683466 0.699856
-0.503644 0.698478 0.744860 -0.503524 0.698469 0.744857
-0.513711 0.728478 0.349860 -0.513711 0.728478 0.349860
-0.504760 0.833478 0.394860 -0.504581 0.833465 0.394855
-0.490864 0.968478 0.529860 -0.490805 0.968473 0.529859
-0.485466 1.043478 0.529860 -0.485466 1.043478 0.529860
-0.477433 1.103478 0.649860 -0.477433 1.103478 0.649860
-0.470955 1.193478 0.649860 -0.470915 1.193475 0.649859
-0.483217 1.128478 0.404860 -0.483097 1.128469 0.404857
-0.476425 1.203478 0.449860 -0.476346 1.203472 0.449858
-0.465153 1.308478 0.569860 -0.465093 1.308473 0.569859
-0.453881 1.413478 0.689860 -0.453881 1.413478 0.689860
-0.442457 1.533478 0.779860 -0.442338 1.533469 0.779857
-0.431347 1.668478 0.824860 -0.431248 1.668471 0.824857
-0.446953 1.563478 0.564860 -0.446853 1.563471 0.564857
-0.442472 1.593478 0.639860 -0.442373 1.593471 0.639857
-0.431513 1.713478 0.714860 -0.431334 1.713465 0.714855
-0.423955 1.818478 0.714860 -0.423836 1.818469 0.714857
-0.415307 1.893478 0.819860 -0.415287 1.893476 0.819860
-0.410826 1.923478 0.894860 -0.410826 1.923478 0.894860
-0.438014 1.713478 0.504860 -0.437874 1.713468 0.504856
-0.425046 1.848478 0.609860 -0.424986 1.848473 0.609859
-0.423966 1.863478 0.609860 -0.423966 1.863478 0.609860
-0.413936 1.983478 0.654860 -0.413796 1.983468 0.654856
-0.410233 2.028478 0.669860 -0.410193 2.028475 0.669859
-0.407447 2.028478 0.759860 -0.407267 2.028465 0.759855