-0.587392 0.570407 -0.164217 -0.587292 0.570400 -0.164220
-0.583375 0.600407 -0.104217 -0.583375 0.600407 -0.104217
-0.571638 0.705407 0.030783 -0.571589 0.705404 0.030781
-0.562525 0.780407 0.150783 -0.562476 0.780404 0.150781
-0.553877 0.855407 0.255783 -0.553827 0.855404 0.255781
-0.547388 0.900407 0.360783 -0.547338 0.900404 0.360781
-0.556310 0.890407 0.095783 -0.555961 0.890382 0.095772
-0.554151 0.920407 0.095783 -0.553852 0.920386 0.095773
-0.550599 0.950407 0.140783 -0.550250 0.950382 0.140772
-0.541961 1.070407 0.140783 -0.541712 1.070390 0.140775
-0.539337 1.100407 0.155783 -0.538889 1.100375 0.155769
-0.532697 1.160407 0.230783 -0.532298 1.160379 0.230770
-0.542487 1.110407 0.030783 -0.542038 1.110375 0.030769
-0.535533 1.155407 0.150783 -0.535533 1.155407 0.150783
-0.524574 1.275407 0.225783 -0.524375 1.275393 0.225777
-0.515472 1.395407 0.240783 -0.515223 1.395390 0.240775
-0.505895 1.470407 0.375783 -0.505546 1.470382 0.375772
-0.501263 1.515407 0.420783 -0.501113 1.515397 0.420778
-0.536497 1.090407 0.270783 -0.536148 1.090382 0.270772
-0.523994 1.225407 0.360783 -0.523546 1.225375 0.360769
-0.518283 1.285407 0.405783 -0.517834 1.285375 0.405769
-0.513337 1.315407 0.495783 -0.512939 1.315379 0.495770
-0.510400 1.330407 0.555783 -0.509952 1.330375 0.555769
-0.507161 1.375407 0.555783 -0.506962 1.375393 0.555777
-0.518564 1.380407 0.175783 -0.518365 1.380393 0.175777
-0.512075 1.425407 0.280783 -0.511975 1.425400 0.280780
-0.503437 1.545407 0.280783 -0.503188 1.545390 0.280775
-0.499723 1.545407 0.400783 -0.499623 1.545400 0.400780
-0.488764 1.665407 0.475783 -0.488764 1.665407 0.475783
-0.476725 1.800407 0.550783 -0.476575 1.800397 0.550778
-0.477959 1.785407 0.545783 -0.477511 1.785375 0.545769
-0.468695 1.875407 0.635783 -0.468297 1.875379 0.635770
-0.456192 2.010407 0.725783 -0.455993 2.010393 0.725777
-0.442296 2.145407 0.860783 -0.442197 2.145400 0.860780
-0.435807 2.190407 0.965783 -0.435757 2.190404 0.965781
-0.427785 2.295407 0.980783 -0.427685 2.295400 0.980780