-0.573006 0.173478 -0.275140 -0.572846 0.173466 -0.275144
-0.570533 0.188478 -0.230140 -0.570374 0.188466 -0.230144
-0.569454 0.203478 -0.230140 -0.569374 0.203472 -0.230142
-0.562813 0.263478 -0.155140 -0.562694 0.263469 -0.155143
-0.550774 0.398478 -0.080140 -0.550635 0.398468 -0.080144
-0.543206 0.458478 0.024860 -0.543066 0.458468 0.024856
-0.555529 0.433478 -0.315140 -0.555529 0.433478 -0.315140
-0.545963 0.553478 -0.285140 -0.545804 0.553466 -0.285144
-0.542562 0.568478 -0.210140 -0.542482 0.568472 -0.210142
-0.540554 0.583478 -0.180140 -0.540554 0.583478 -0.180140
-0.536375 0.583478 -0.045140 -0.536275 0.583471 -0.045143
-0.535446 0.583478 -0.015140 -0.535347 0.583471 -0.015143
-0.544063 0.588478 -0.305140 -0.544003 0.588473 -0.305141
-0.530631 0.723478 -0.185140 -0.530591 0.723475 -0.185141
-0.525071 0.768478 -0.110140 -0.525071 0.768478 -0.110140
-0.520125 0.798478 -0.020140 -0.519986 0.798468 -0.020144
-0.516109 0.828478 0.039860 -0.516089 0.828476 0.039860
-0.512092 0.858478 0.099860 -0.511933 0.858466 0.099856
-0.507997 0.988478 -0.070140 -0.507818 0.988465 -0.070145
-0.506453 1.003478 -0.055140 -0.506314 1.003468 -0.055144
-0.502436 1.033478 0.004860 -0.502397 1.033475 0.004859
-0.488540 1.168478 0.139860 -0.488441 1.168471 0.139857
-0.480043 1.228478 0.274860 -0.479943 1.228471 0.274857
-0.469386 1.318478 0.409860 -0.469366 1.318476 0.409860
-0.478553 1.253478 0.264860 -0.478453 1.253471 0.264857
-0.475616 1.268478 0.324860 -0.475457 1.268466 0.324856
-0.467583 1.328478 0.444860 -0.467463 1.328469 0.444857
-0.461558 1.373478 0.534860 -0.461378 1.373465 0.534855
-0.454453 1.433478 0.624860 -0.454453 1.433478 0.624860
-0.450123 1.448478 0.729860 -0.450044 1.448472 0.729858
-0.473349 1.278478 0.374860 -0.473289 1.278473 0.374859
-0.466708 1.338478 0.449860 -0.466529 1.338465 0.449855
-0.461612 1.383478 0.509860 -0.461572 1.383475 0.509859
-0.447716 1.518478 0.644860 -0.447696 1.518476 0.644860
-0.436444 1.623478 0.764860 -0.436304 1.623468 0.764856
-0.426866 1.698478 0.899860 -0.426747 1.698469 0.899857